(kicad_pcb (version 20171130) (host pcbnew 5.0.2-bee76a0~70~ubuntu18.04.1)

  (general
    (thickness 1.6)
    (drawings 4)
    (tracks 354)
    (zones 0)
    (modules 61)
    (nets 93)
  )

  (page A4)
  (layers
    (0 F.Cu signal)
    (31 B.Cu signal)
    (32 B.Adhes user)
    (33 F.Adhes user)
    (34 B.Paste user)
    (35 F.Paste user)
    (36 B.SilkS user)
    (37 F.SilkS user)
    (38 B.Mask user)
    (39 F.Mask user)
    (40 Dwgs.User user)
    (41 Cmts.User user)
    (42 Eco1.User user)
    (43 Eco2.User user)
    (44 Edge.Cuts user)
    (45 Margin user)
    (46 B.CrtYd user)
    (47 F.CrtYd user)
    (48 B.Fab user)
    (49 F.Fab user)
  )

  (setup
    (last_trace_width 0.2032)
    (trace_clearance 0.254)
    (zone_clearance 0.508)
    (zone_45_only no)
    (trace_min 0.1524)
    (segment_width 0.2)
    (edge_width 0.15)
    (via_size 0.762)
    (via_drill 0.381)
    (via_min_size 0.6858)
    (via_min_drill 0.3302)
    (uvia_size 0.762)
    (uvia_drill 0.381)
    (uvias_allowed no)
    (uvia_min_size 0.2)
    (uvia_min_drill 0.1)
    (pcb_text_width 0.3)
    (pcb_text_size 1.5 1.5)
    (mod_edge_width 0.15)
    (mod_text_size 1 1)
    (mod_text_width 0.15)
    (pad_size 3.2 3.2)
    (pad_drill 3.2)
    (pad_to_mask_clearance 0.0508)
    (solder_mask_min_width 0.25)
    (aux_axis_origin 0 0)
    (visible_elements FFFFFF7F)
    (pcbplotparams
      (layerselection 0x010fc_ffffffff)
      (usegerberextensions false)
      (usegerberattributes false)
      (usegerberadvancedattributes false)
      (creategerberjobfile false)
      (excludeedgelayer true)
      (linewidth 0.100000)
      (plotframeref false)
      (viasonmask false)
      (mode 1)
      (useauxorigin false)
      (hpglpennumber 1)
      (hpglpenspeed 20)
      (hpglpendiameter 15.000000)
      (psnegative false)
      (psa4output false)
      (plotreference true)
      (plotvalue true)
      (plotinvisibletext false)
      (padsonsilk false)
      (subtractmaskfromsilk false)
      (outputformat 1)
      (mirror false)
      (drillshape 1)
      (scaleselection 1)
      (outputdirectory ""))
  )

  (net 0 "")
  (net 1 GND)
  (net 2 +6V)
  (net 3 +3V3)
  (net 4 /MCU_VCC)
  (net 5 /MCU_AVCC)
  (net 6 "Net-(D1-Pad1)")
  (net 7 "Net-(M1-Pad3)")
  (net 8 /Camera_Servo)
  (net 9 /Release_Servo)
  (net 10 "Net-(M2-Pad3)")
  (net 11 /PA6-Therm)
  (net 12 /PDI_CLK)
  (net 13 /PA7-Voltage)
  (net 14 "Net-(R6-Pad2)")
  (net 15 /LED_MOS)
  (net 16 "Net-(Q1-Pad1)")
  (net 17 "Net-(Q2-Pad1)")
  (net 18 /RELEASE_MOS)
  (net 19 "Net-(Q3-Pad1)")
  (net 20 /SCL)
  (net 21 /SDA)
  (net 22 /BUZZER_MOS)
  (net 23 "Net-(Q4-Pad1)")
  (net 24 /PA5-Hall_Effect)
  (net 25 /~SS_XBEE)
  (net 26 /~SS_BNO080)
  (net 27 /~SS_5607)
  (net 28 /MOSI)
  (net 29 /MISO)
  (net 30 /SCLK)
  (net 31 /OpenLog_GRN)
  (net 32 /GPS_MISO)
  (net 33 /GPS_MOSI)
  (net 34 /OpenLog_MISO)
  (net 35 /OpenLog_MOSI)
  (net 36 /PDI_DATA)
  (net 37 /CAMERA_DATA)
  (net 38 "Net-(MOD1-Pad2)")
  (net 39 "Net-(MOD1-Pad3)")
  (net 40 "Net-(MOD1-Pad5)")
  (net 41 "Net-(MOD1-Pad6)")
  (net 42 "Net-(MOD1-Pad7)")
  (net 43 "Net-(MOD1-Pad8)")
  (net 44 "Net-(MOD1-Pad9)")
  (net 45 "Net-(MOD1-Pad12)")
  (net 46 "Net-(MOD1-Pad13)")
  (net 47 "Net-(MOD1-Pad14)")
  (net 48 "Net-(MOD1-Pad15)")
  (net 49 "Net-(MOD1-Pad16)")
  (net 50 "Net-(MOD1-Pad19)")
  (net 51 "Net-(MOD1-Pad20)")
  (net 52 "Net-(J2-Pad3)")
  (net 53 "Net-(J2-Pad2)")
  (net 54 "Net-(D5-PadA)")
  (net 55 "Net-(J2-PadSH)")
  (net 56 "Net-(LS1-PadN)")
  (net 57 "Net-(J1-Pad3)")
  (net 58 "Net-(J1-Pad4)")
  (net 59 "Net-(U9-Pad4)")
  (net 60 /HOST_INTN)
  (net 61 /BNO_NRST)
  (net 62 /BNO_CLOCKSEL0)
  (net 63 /BNO_WAKE)
  (net 64 /BNO_BOOTN)
  (net 65 "Net-(U4-Pad1)")
  (net 66 "Net-(U4-Pad2)")
  (net 67 "Net-(C6-Pad2)")
  (net 68 "Net-(U4-Pad3)")
  (net 69 /FINN_MOS)
  (net 70 "Net-(U9-Pad5)")
  (net 71 "Net-(U9-Pad6)")
  (net 72 "Net-(U9-Pad7)")
  (net 73 "Net-(U9-Pad24)")
  (net 74 "Net-(U9-Pad25)")
  (net 75 "Net-(U9-Pad26)")
  (net 76 "Net-(U9-Pad27)")
  (net 77 "Net-(U9-Pad36)")
  (net 78 "Net-(U9-Pad37)")
  (net 79 "Net-(U9-Pad44)")
  (net 80 /FINN_SERVO)
  (net 81 "Net-(U8-Pad1)")
  (net 82 "Net-(U8-Pad2)")
  (net 83 "Net-(U8-Pad3)")
  (net 84 "Net-(U8-Pad4)")
  (net 85 "Net-(U8-Pad9)")
  (net 86 "Net-(C4-Pad1)")
  (net 87 "Net-(U2-Pad27)")
  (net 88 "Net-(U2-Pad26)")
  (net 89 "Net-(U2-Pad15)")
  (net 90 "Net-(U2-Pad16)")
  (net 91 "Net-(Q5-Pad3)")
  (net 92 "Net-(Q5-Pad1)")

  (net_class Default "This is the default net class."
    (clearance 0.254)
    (trace_width 0.2032)
    (via_dia 0.762)
    (via_drill 0.381)
    (uvia_dia 0.762)
    (uvia_drill 0.381)
    (add_net +3V3)
    (add_net /BNO_BOOTN)
    (add_net /BNO_CLOCKSEL0)
    (add_net /BNO_NRST)
    (add_net /BNO_WAKE)
    (add_net /BUZZER_MOS)
    (add_net /CAMERA_DATA)
    (add_net /Camera_Servo)
    (add_net /FINN_MOS)
    (add_net /FINN_SERVO)
    (add_net /GPS_MISO)
    (add_net /GPS_MOSI)
    (add_net /HOST_INTN)
    (add_net /LED_MOS)
    (add_net /MCU_AVCC)
    (add_net /MCU_VCC)
    (add_net /MISO)
    (add_net /MOSI)
    (add_net /OpenLog_GRN)
    (add_net /OpenLog_MISO)
    (add_net /OpenLog_MOSI)
    (add_net /PA5-Hall_Effect)
    (add_net /PA6-Therm)
    (add_net /PA7-Voltage)
    (add_net /PDI_CLK)
    (add_net /PDI_DATA)
    (add_net /RELEASE_MOS)
    (add_net /Release_Servo)
    (add_net /SCL)
    (add_net /SCLK)
    (add_net /SDA)
    (add_net /~SS_5607)
    (add_net /~SS_BNO080)
    (add_net /~SS_XBEE)
    (add_net GND)
    (add_net "Net-(C4-Pad1)")
    (add_net "Net-(C6-Pad2)")
    (add_net "Net-(D1-Pad1)")
    (add_net "Net-(D5-PadA)")
    (add_net "Net-(J1-Pad3)")
    (add_net "Net-(J1-Pad4)")
    (add_net "Net-(J2-Pad2)")
    (add_net "Net-(J2-Pad3)")
    (add_net "Net-(J2-PadSH)")
    (add_net "Net-(LS1-PadN)")
    (add_net "Net-(M1-Pad3)")
    (add_net "Net-(M2-Pad3)")
    (add_net "Net-(MOD1-Pad12)")
    (add_net "Net-(MOD1-Pad13)")
    (add_net "Net-(MOD1-Pad14)")
    (add_net "Net-(MOD1-Pad15)")
    (add_net "Net-(MOD1-Pad16)")
    (add_net "Net-(MOD1-Pad19)")
    (add_net "Net-(MOD1-Pad2)")
    (add_net "Net-(MOD1-Pad20)")
    (add_net "Net-(MOD1-Pad3)")
    (add_net "Net-(MOD1-Pad5)")
    (add_net "Net-(MOD1-Pad6)")
    (add_net "Net-(MOD1-Pad7)")
    (add_net "Net-(MOD1-Pad8)")
    (add_net "Net-(MOD1-Pad9)")
    (add_net "Net-(Q1-Pad1)")
    (add_net "Net-(Q2-Pad1)")
    (add_net "Net-(Q3-Pad1)")
    (add_net "Net-(Q4-Pad1)")
    (add_net "Net-(Q5-Pad1)")
    (add_net "Net-(Q5-Pad3)")
    (add_net "Net-(R6-Pad2)")
    (add_net "Net-(U2-Pad15)")
    (add_net "Net-(U2-Pad16)")
    (add_net "Net-(U2-Pad26)")
    (add_net "Net-(U2-Pad27)")
    (add_net "Net-(U4-Pad1)")
    (add_net "Net-(U4-Pad2)")
    (add_net "Net-(U4-Pad3)")
    (add_net "Net-(U8-Pad1)")
    (add_net "Net-(U8-Pad2)")
    (add_net "Net-(U8-Pad3)")
    (add_net "Net-(U8-Pad4)")
    (add_net "Net-(U8-Pad9)")
    (add_net "Net-(U9-Pad24)")
    (add_net "Net-(U9-Pad25)")
    (add_net "Net-(U9-Pad26)")
    (add_net "Net-(U9-Pad27)")
    (add_net "Net-(U9-Pad36)")
    (add_net "Net-(U9-Pad37)")
    (add_net "Net-(U9-Pad4)")
    (add_net "Net-(U9-Pad44)")
    (add_net "Net-(U9-Pad5)")
    (add_net "Net-(U9-Pad6)")
    (add_net "Net-(U9-Pad7)")
  )

  (net_class "6V Power" ""
    (clearance 0.254)
    (trace_width 0.635)
    (via_dia 0.762)
    (via_drill 0.381)
    (uvia_dia 0.762)
    (uvia_drill 0.381)
    (add_net +6V)
  )

  (module Capacitor_SMD:C_0805_2012Metric_Pad1.15x1.40mm_HandSolder (layer F.Cu) (tedit 5B36C52B) (tstamp 5C63AF28)
    (at 141.233 50.8)
    (descr "Capacitor SMD 0805 (2012 Metric), square (rectangular) end terminal, IPC_7351 nominal with elongated pad for handsoldering. (Body size source: https://docs.google.com/spreadsheets/d/1BsfQQcO9C6DZCsRaXUlFlo91Tg2WpOkGARC1WS5S8t0/edit?usp=sharing), generated with kicad-footprint-generator")
    (tags "capacitor handsolder")
    (path /5C6BF60C)
    (attr smd)
    (fp_text reference C1 (at 0 -1.65) (layer F.SilkS)
      (effects (font (size 1 1) (thickness 0.15)))
    )
    (fp_text value 0.1uF (at 0 1.65) (layer F.Fab)
      (effects (font (size 1 1) (thickness 0.15)))
    )
    (fp_line (start -1 0.6) (end -1 -0.6) (layer F.Fab) (width 0.1))
    (fp_line (start -1 -0.6) (end 1 -0.6) (layer F.Fab) (width 0.1))
    (fp_line (start 1 -0.6) (end 1 0.6) (layer F.Fab) (width 0.1))
    (fp_line (start 1 0.6) (end -1 0.6) (layer F.Fab) (width 0.1))
    (fp_line (start -0.261252 -0.71) (end 0.261252 -0.71) (layer F.SilkS) (width 0.12))
    (fp_line (start -0.261252 0.71) (end 0.261252 0.71) (layer F.SilkS) (width 0.12))
    (fp_line (start -1.85 0.95) (end -1.85 -0.95) (layer F.CrtYd) (width 0.05))
    (fp_line (start -1.85 -0.95) (end 1.85 -0.95) (layer F.CrtYd) (width 0.05))
    (fp_line (start 1.85 -0.95) (end 1.85 0.95) (layer F.CrtYd) (width 0.05))
    (fp_line (start 1.85 0.95) (end -1.85 0.95) (layer F.CrtYd) (width 0.05))
    (fp_text user %R (at 0 0) (layer F.Fab)
      (effects (font (size 0.5 0.5) (thickness 0.08)))
    )
    (pad 1 smd roundrect (at -1.025 0) (size 1.15 1.4) (layers F.Cu F.Paste F.Mask) (roundrect_rratio 0.217391)
      (net 3 +3V3))
    (pad 2 smd roundrect (at 1.025 0) (size 1.15 1.4) (layers F.Cu F.Paste F.Mask) (roundrect_rratio 0.217391)
      (net 1 GND))
    (model ${KISYS3DMOD}/Capacitor_SMD.3dshapes/C_0805_2012Metric.wrl
      (at (xyz 0 0 0))
      (scale (xyz 1 1 1))
      (rotate (xyz 0 0 0))
    )
  )

  (module Capacitor_SMD:C_0805_2012Metric_Pad1.15x1.40mm_HandSolder (layer F.Cu) (tedit 5B36C52B) (tstamp 5C7EA3BF)
    (at 141.233 52.832)
    (descr "Capacitor SMD 0805 (2012 Metric), square (rectangular) end terminal, IPC_7351 nominal with elongated pad for handsoldering. (Body size source: https://docs.google.com/spreadsheets/d/1BsfQQcO9C6DZCsRaXUlFlo91Tg2WpOkGARC1WS5S8t0/edit?usp=sharing), generated with kicad-footprint-generator")
    (tags "capacitor handsolder")
    (path /5C6C69DC)
    (attr smd)
    (fp_text reference C2 (at 0 1.778) (layer F.SilkS)
      (effects (font (size 1 1) (thickness 0.15)))
    )
    (fp_text value 0.1uF (at 0 1.65) (layer F.Fab)
      (effects (font (size 1 1) (thickness 0.15)))
    )
    (fp_text user %R (at 0 0) (layer F.Fab)
      (effects (font (size 0.5 0.5) (thickness 0.08)))
    )
    (fp_line (start 1.85 0.95) (end -1.85 0.95) (layer F.CrtYd) (width 0.05))
    (fp_line (start 1.85 -0.95) (end 1.85 0.95) (layer F.CrtYd) (width 0.05))
    (fp_line (start -1.85 -0.95) (end 1.85 -0.95) (layer F.CrtYd) (width 0.05))
    (fp_line (start -1.85 0.95) (end -1.85 -0.95) (layer F.CrtYd) (width 0.05))
    (fp_line (start -0.261252 0.71) (end 0.261252 0.71) (layer F.SilkS) (width 0.12))
    (fp_line (start -0.261252 -0.71) (end 0.261252 -0.71) (layer F.SilkS) (width 0.12))
    (fp_line (start 1 0.6) (end -1 0.6) (layer F.Fab) (width 0.1))
    (fp_line (start 1 -0.6) (end 1 0.6) (layer F.Fab) (width 0.1))
    (fp_line (start -1 -0.6) (end 1 -0.6) (layer F.Fab) (width 0.1))
    (fp_line (start -1 0.6) (end -1 -0.6) (layer F.Fab) (width 0.1))
    (pad 2 smd roundrect (at 1.025 0) (size 1.15 1.4) (layers F.Cu F.Paste F.Mask) (roundrect_rratio 0.217391)
      (net 1 GND))
    (pad 1 smd roundrect (at -1.025 0) (size 1.15 1.4) (layers F.Cu F.Paste F.Mask) (roundrect_rratio 0.217391)
      (net 3 +3V3))
    (model ${KISYS3DMOD}/Capacitor_SMD.3dshapes/C_0805_2012Metric.wrl
      (at (xyz 0 0 0))
      (scale (xyz 1 1 1))
      (rotate (xyz 0 0 0))
    )
  )

  (module Capacitor_SMD:C_0805_2012Metric_Pad1.15x1.40mm_HandSolder (layer F.Cu) (tedit 5B36C52B) (tstamp 5C7EA2CF)
    (at 157.743 102.108)
    (descr "Capacitor SMD 0805 (2012 Metric), square (rectangular) end terminal, IPC_7351 nominal with elongated pad for handsoldering. (Body size source: https://docs.google.com/spreadsheets/d/1BsfQQcO9C6DZCsRaXUlFlo91Tg2WpOkGARC1WS5S8t0/edit?usp=sharing), generated with kicad-footprint-generator")
    (tags "capacitor handsolder")
    (path /5C6D05C9)
    (attr smd)
    (fp_text reference C11 (at -3.311 0) (layer F.SilkS)
      (effects (font (size 1 1) (thickness 0.15)))
    )
    (fp_text value 10uF (at 0 1.65) (layer F.Fab)
      (effects (font (size 1 1) (thickness 0.15)))
    )
    (fp_line (start -1 0.6) (end -1 -0.6) (layer F.Fab) (width 0.1))
    (fp_line (start -1 -0.6) (end 1 -0.6) (layer F.Fab) (width 0.1))
    (fp_line (start 1 -0.6) (end 1 0.6) (layer F.Fab) (width 0.1))
    (fp_line (start 1 0.6) (end -1 0.6) (layer F.Fab) (width 0.1))
    (fp_line (start -0.261252 -0.71) (end 0.261252 -0.71) (layer F.SilkS) (width 0.12))
    (fp_line (start -0.261252 0.71) (end 0.261252 0.71) (layer F.SilkS) (width 0.12))
    (fp_line (start -1.85 0.95) (end -1.85 -0.95) (layer F.CrtYd) (width 0.05))
    (fp_line (start -1.85 -0.95) (end 1.85 -0.95) (layer F.CrtYd) (width 0.05))
    (fp_line (start 1.85 -0.95) (end 1.85 0.95) (layer F.CrtYd) (width 0.05))
    (fp_line (start 1.85 0.95) (end -1.85 0.95) (layer F.CrtYd) (width 0.05))
    (fp_text user %R (at 0 0) (layer F.Fab)
      (effects (font (size 0.5 0.5) (thickness 0.08)))
    )
    (pad 1 smd roundrect (at -1.025 0) (size 1.15 1.4) (layers F.Cu F.Paste F.Mask) (roundrect_rratio 0.217391)
      (net 4 /MCU_VCC))
    (pad 2 smd roundrect (at 1.025 0) (size 1.15 1.4) (layers F.Cu F.Paste F.Mask) (roundrect_rratio 0.217391)
      (net 1 GND))
    (model ${KISYS3DMOD}/Capacitor_SMD.3dshapes/C_0805_2012Metric.wrl
      (at (xyz 0 0 0))
      (scale (xyz 1 1 1))
      (rotate (xyz 0 0 0))
    )
  )

  (module Capacitor_SMD:C_0805_2012Metric_Pad1.15x1.40mm_HandSolder (layer F.Cu) (tedit 5B36C52B) (tstamp 5C63AFDD)
    (at 148.835 82.296 180)
    (descr "Capacitor SMD 0805 (2012 Metric), square (rectangular) end terminal, IPC_7351 nominal with elongated pad for handsoldering. (Body size source: https://docs.google.com/spreadsheets/d/1BsfQQcO9C6DZCsRaXUlFlo91Tg2WpOkGARC1WS5S8t0/edit?usp=sharing), generated with kicad-footprint-generator")
    (tags "capacitor handsolder")
    (path /5C6D034E)
    (attr smd)
    (fp_text reference C13 (at 0 -1.65 180) (layer F.SilkS)
      (effects (font (size 1 1) (thickness 0.15)))
    )
    (fp_text value 10uF (at 0 1.65 180) (layer F.Fab)
      (effects (font (size 1 1) (thickness 0.15)))
    )
    (fp_text user %R (at 0 0 180) (layer F.Fab)
      (effects (font (size 0.5 0.5) (thickness 0.08)))
    )
    (fp_line (start 1.85 0.95) (end -1.85 0.95) (layer F.CrtYd) (width 0.05))
    (fp_line (start 1.85 -0.95) (end 1.85 0.95) (layer F.CrtYd) (width 0.05))
    (fp_line (start -1.85 -0.95) (end 1.85 -0.95) (layer F.CrtYd) (width 0.05))
    (fp_line (start -1.85 0.95) (end -1.85 -0.95) (layer F.CrtYd) (width 0.05))
    (fp_line (start -0.261252 0.71) (end 0.261252 0.71) (layer F.SilkS) (width 0.12))
    (fp_line (start -0.261252 -0.71) (end 0.261252 -0.71) (layer F.SilkS) (width 0.12))
    (fp_line (start 1 0.6) (end -1 0.6) (layer F.Fab) (width 0.1))
    (fp_line (start 1 -0.6) (end 1 0.6) (layer F.Fab) (width 0.1))
    (fp_line (start -1 -0.6) (end 1 -0.6) (layer F.Fab) (width 0.1))
    (fp_line (start -1 0.6) (end -1 -0.6) (layer F.Fab) (width 0.1))
    (pad 2 smd roundrect (at 1.025 0 180) (size 1.15 1.4) (layers F.Cu F.Paste F.Mask) (roundrect_rratio 0.217391)
      (net 5 /MCU_AVCC))
    (pad 1 smd roundrect (at -1.025 0 180) (size 1.15 1.4) (layers F.Cu F.Paste F.Mask) (roundrect_rratio 0.217391)
      (net 1 GND))
    (model ${KISYS3DMOD}/Capacitor_SMD.3dshapes/C_0805_2012Metric.wrl
      (at (xyz 0 0 0))
      (scale (xyz 1 1 1))
      (rotate (xyz 0 0 0))
    )
  )

  (module Capacitor_SMD:C_0805_2012Metric_Pad1.15x1.40mm_HandSolder (layer F.Cu) (tedit 5B36C52B) (tstamp 5C7EA28F)
    (at 131.318 53.095 270)
    (descr "Capacitor SMD 0805 (2012 Metric), square (rectangular) end terminal, IPC_7351 nominal with elongated pad for handsoldering. (Body size source: https://docs.google.com/spreadsheets/d/1BsfQQcO9C6DZCsRaXUlFlo91Tg2WpOkGARC1WS5S8t0/edit?usp=sharing), generated with kicad-footprint-generator")
    (tags "capacitor handsolder")
    (path /5C6BF28D)
    (attr smd)
    (fp_text reference C4 (at 0 -1.65 270) (layer F.SilkS)
      (effects (font (size 1 1) (thickness 0.15)))
    )
    (fp_text value 0.1uF (at 0 1.65 270) (layer F.Fab)
      (effects (font (size 1 1) (thickness 0.15)))
    )
    (fp_line (start -1 0.6) (end -1 -0.6) (layer F.Fab) (width 0.1))
    (fp_line (start -1 -0.6) (end 1 -0.6) (layer F.Fab) (width 0.1))
    (fp_line (start 1 -0.6) (end 1 0.6) (layer F.Fab) (width 0.1))
    (fp_line (start 1 0.6) (end -1 0.6) (layer F.Fab) (width 0.1))
    (fp_line (start -0.261252 -0.71) (end 0.261252 -0.71) (layer F.SilkS) (width 0.12))
    (fp_line (start -0.261252 0.71) (end 0.261252 0.71) (layer F.SilkS) (width 0.12))
    (fp_line (start -1.85 0.95) (end -1.85 -0.95) (layer F.CrtYd) (width 0.05))
    (fp_line (start -1.85 -0.95) (end 1.85 -0.95) (layer F.CrtYd) (width 0.05))
    (fp_line (start 1.85 -0.95) (end 1.85 0.95) (layer F.CrtYd) (width 0.05))
    (fp_line (start 1.85 0.95) (end -1.85 0.95) (layer F.CrtYd) (width 0.05))
    (fp_text user %R (at 0 0 270) (layer F.Fab)
      (effects (font (size 0.5 0.5) (thickness 0.08)))
    )
    (pad 1 smd roundrect (at -1.025 0 270) (size 1.15 1.4) (layers F.Cu F.Paste F.Mask) (roundrect_rratio 0.217391)
      (net 86 "Net-(C4-Pad1)"))
    (pad 2 smd roundrect (at 1.025 0 270) (size 1.15 1.4) (layers F.Cu F.Paste F.Mask) (roundrect_rratio 0.217391)
      (net 1 GND))
    (model ${KISYS3DMOD}/Capacitor_SMD.3dshapes/C_0805_2012Metric.wrl
      (at (xyz 0 0 0))
      (scale (xyz 1 1 1))
      (rotate (xyz 0 0 0))
    )
  )

  (module Resistor_SMD:R_0805_2012Metric_Pad1.15x1.40mm_HandSolder (layer B.Cu) (tedit 5B36C52B) (tstamp 5C7E76FD)
    (at 125.222 114.799 90)
    (descr "Resistor SMD 0805 (2012 Metric), square (rectangular) end terminal, IPC_7351 nominal with elongated pad for handsoldering. (Body size source: https://docs.google.com/spreadsheets/d/1BsfQQcO9C6DZCsRaXUlFlo91Tg2WpOkGARC1WS5S8t0/edit?usp=sharing), generated with kicad-footprint-generator")
    (tags "resistor handsolder")
    (path /5C6AD36E)
    (attr smd)
    (fp_text reference R13 (at 0 -1.524 90) (layer B.SilkS)
      (effects (font (size 1 1) (thickness 0.15)) (justify mirror))
    )
    (fp_text value 10K (at 0 -1.65 90) (layer B.Fab)
      (effects (font (size 1 1) (thickness 0.15)) (justify mirror))
    )
    (fp_line (start -1 -0.6) (end -1 0.6) (layer B.Fab) (width 0.1))
    (fp_line (start -1 0.6) (end 1 0.6) (layer B.Fab) (width 0.1))
    (fp_line (start 1 0.6) (end 1 -0.6) (layer B.Fab) (width 0.1))
    (fp_line (start 1 -0.6) (end -1 -0.6) (layer B.Fab) (width 0.1))
    (fp_line (start -0.261252 0.71) (end 0.261252 0.71) (layer B.SilkS) (width 0.12))
    (fp_line (start -0.261252 -0.71) (end 0.261252 -0.71) (layer B.SilkS) (width 0.12))
    (fp_line (start -1.85 -0.95) (end -1.85 0.95) (layer B.CrtYd) (width 0.05))
    (fp_line (start -1.85 0.95) (end 1.85 0.95) (layer B.CrtYd) (width 0.05))
    (fp_line (start 1.85 0.95) (end 1.85 -0.95) (layer B.CrtYd) (width 0.05))
    (fp_line (start 1.85 -0.95) (end -1.85 -0.95) (layer B.CrtYd) (width 0.05))
    (fp_text user %R (at 0 0 90) (layer B.Fab)
      (effects (font (size 0.5 0.5) (thickness 0.08)) (justify mirror))
    )
    (pad 1 smd roundrect (at -1.025 0 90) (size 1.15 1.4) (layers B.Cu B.Paste B.Mask) (roundrect_rratio 0.217391)
      (net 92 "Net-(Q5-Pad1)"))
    (pad 2 smd roundrect (at 1.025 0 90) (size 1.15 1.4) (layers B.Cu B.Paste B.Mask) (roundrect_rratio 0.217391)
      (net 37 /CAMERA_DATA))
    (model ${KISYS3DMOD}/Resistor_SMD.3dshapes/R_0805_2012Metric.wrl
      (at (xyz 0 0 0))
      (scale (xyz 1 1 1))
      (rotate (xyz 0 0 0))
    )
  )

  (module digikey-footprints:SOT-23-3 (layer B.Cu) (tedit 59D275F3) (tstamp 5C7E762C)
    (at 126.492 118.584 270)
    (path /5C6AC326)
    (fp_text reference Q5 (at 0.025 3.375 270) (layer B.SilkS)
      (effects (font (size 1 1) (thickness 0.15)) (justify mirror))
    )
    (fp_text value CAMERA_MOS (at 0.025 -3.25 270) (layer B.Fab)
      (effects (font (size 1 1) (thickness 0.15)) (justify mirror))
    )
    (fp_line (start -1.825 1.95) (end 1.825 1.95) (layer B.CrtYd) (width 0.05))
    (fp_line (start -1.825 1.95) (end -1.825 -1.95) (layer B.CrtYd) (width 0.05))
    (fp_line (start 1.825 -1.95) (end -1.825 -1.95) (layer B.CrtYd) (width 0.05))
    (fp_line (start 1.825 1.95) (end 1.825 -1.95) (layer B.CrtYd) (width 0.05))
    (fp_line (start -0.175 1.65) (end -0.45 1.65) (layer B.SilkS) (width 0.1))
    (fp_line (start -0.45 1.65) (end -0.825 1.375) (layer B.SilkS) (width 0.1))
    (fp_line (start -0.825 1.375) (end -0.825 1.325) (layer B.SilkS) (width 0.1))
    (fp_line (start -0.825 1.325) (end -1.6 1.325) (layer B.SilkS) (width 0.1))
    (fp_line (start -0.7 1.325) (end -0.7 -1.525) (layer B.Fab) (width 0.1))
    (fp_line (start -0.425 1.525) (end 0.7 1.525) (layer B.Fab) (width 0.1))
    (fp_line (start -0.425 1.525) (end -0.7 1.325) (layer B.Fab) (width 0.1))
    (fp_line (start -0.35 -1.65) (end -0.825 -1.65) (layer B.SilkS) (width 0.1))
    (fp_line (start -0.825 -1.65) (end -0.825 -1.3) (layer B.SilkS) (width 0.1))
    (fp_line (start 0.825 -1.425) (end 0.825 -1.3) (layer B.SilkS) (width 0.1))
    (fp_line (start 0.825 -1.35) (end 0.825 -1.65) (layer B.SilkS) (width 0.1))
    (fp_line (start 0.825 -1.65) (end 0.375 -1.65) (layer B.SilkS) (width 0.1))
    (fp_line (start 0.45 1.65) (end 0.825 1.65) (layer B.SilkS) (width 0.1))
    (fp_line (start 0.825 1.65) (end 0.825 1.35) (layer B.SilkS) (width 0.1))
    (fp_text user %R (at -0.125 -0.15 270) (layer B.Fab)
      (effects (font (size 0.25 0.25) (thickness 0.05)) (justify mirror))
    )
    (fp_line (start -0.7 -1.52) (end 0.7 -1.52) (layer B.Fab) (width 0.1))
    (fp_line (start 0.7 -1.52) (end 0.7 1.52) (layer B.Fab) (width 0.1))
    (pad 3 smd rect (at 1.05 0 270) (size 1.3 0.6) (layers B.Cu B.Paste B.Mask)
      (net 91 "Net-(Q5-Pad3)") (solder_mask_margin 0.07))
    (pad 2 smd rect (at -1.05 -0.95 270) (size 1.3 0.6) (layers B.Cu B.Paste B.Mask)
      (net 1 GND) (solder_mask_margin 0.07))
    (pad 1 smd rect (at -1.05 0.95 270) (size 1.3 0.6) (layers B.Cu B.Paste B.Mask)
      (net 92 "Net-(Q5-Pad1)") (solder_mask_margin 0.07))
  )

  (module Connectors:MOLEX-1X3_LOCK (layer F.Cu) (tedit 5963E8D0) (tstamp 5C7E35C0)
    (at 113.792 52.451)
    (descr "PTH - 3 PIN VERTICAL MOLEX POLARIZED HEADER")
    (tags "PTH - 3 PIN VERTICAL MOLEX POLARIZED HEADER")
    (path /5C4FD36A)
    (attr virtual)
    (fp_text reference U6 (at 0 -3.556) (layer F.SilkS)
      (effects (font (size 0.6096 0.6096) (thickness 0.127)))
    )
    (fp_text value SS49E (at 0 3.175) (layer F.SilkS)
      (effects (font (size 0.6096 0.6096) (thickness 0.127)))
    )
    (fp_line (start -1.27 -3.048) (end -1.27 2.54) (layer F.SilkS) (width 0.127))
    (fp_line (start 6.35 -3.048) (end 6.35 2.54) (layer F.SilkS) (width 0.127))
    (fp_line (start 6.35 -3.048) (end -1.27 -3.048) (layer F.SilkS) (width 0.127))
    (fp_line (start 6.35 2.54) (end 5.08 2.54) (layer F.SilkS) (width 0.127))
    (fp_line (start 5.08 2.54) (end 0 2.54) (layer F.SilkS) (width 0.127))
    (fp_line (start 0 2.54) (end -1.27 2.54) (layer F.SilkS) (width 0.127))
    (fp_line (start 0 2.54) (end 0 1.27) (layer F.SilkS) (width 0.127))
    (fp_line (start 0 1.27) (end 5.08 1.27) (layer F.SilkS) (width 0.127))
    (fp_line (start 5.08 1.27) (end 5.08 2.54) (layer F.SilkS) (width 0.127))
    (pad 1 thru_hole rect (at 0 -0.127) (size 1.8796 1.8796) (drill 1.016) (layers *.Cu *.Mask)
      (net 2 +6V) (solder_mask_margin 0.1016))
    (pad 2 thru_hole circle (at 2.54 0.127) (size 1.8796 1.8796) (drill 1.016) (layers *.Cu *.Mask)
      (net 1 GND) (solder_mask_margin 0.1016))
    (pad 3 thru_hole circle (at 5.08 -0.127) (size 1.8796 1.8796) (drill 1.016) (layers *.Cu *.Mask)
      (net 24 /PA5-Hall_Effect) (solder_mask_margin 0.1016))
  )

  (module ADP3338AKCZ-3.3RL7:SOT230P700X180-4N (layer B.Cu) (tedit 0) (tstamp 5C7D8D46)
    (at 158.0134 115.1636 90)
    (path /5C4ECC23)
    (attr smd)
    (fp_text reference U3 (at -0.63534 4.59985 90) (layer B.SilkS)
      (effects (font (size 1.64087 1.64087) (thickness 0.05)) (justify mirror))
    )
    (fp_text value 6->3V3 (at -0.508485 -4.83074 90) (layer B.SilkS)
      (effects (font (size 1.64161 1.64161) (thickness 0.05)) (justify mirror))
    )
    (fp_line (start -1.8542 1.8796) (end -1.8542 2.7432) (layer Eco2.User) (width 0.1524))
    (fp_line (start -1.8542 2.7432) (end -3.6576 2.7432) (layer Eco2.User) (width 0.1524))
    (fp_line (start -3.6576 2.7432) (end -3.6576 1.8796) (layer Eco2.User) (width 0.1524))
    (fp_line (start -3.6576 1.8796) (end -1.8542 1.8796) (layer Eco2.User) (width 0.1524))
    (fp_line (start -1.8542 -0.4318) (end -1.8542 0.4318) (layer Eco2.User) (width 0.1524))
    (fp_line (start -1.8542 0.4318) (end -3.6576 0.4318) (layer Eco2.User) (width 0.1524))
    (fp_line (start -3.6576 0.4318) (end -3.6576 -0.4318) (layer Eco2.User) (width 0.1524))
    (fp_line (start -3.6576 -0.4318) (end -1.8542 -0.4318) (layer Eco2.User) (width 0.1524))
    (fp_line (start -1.8542 -2.7432) (end -1.8542 -1.8796) (layer Eco2.User) (width 0.1524))
    (fp_line (start -1.8542 -1.8796) (end -3.6576 -1.8796) (layer Eco2.User) (width 0.1524))
    (fp_line (start -3.6576 -1.8796) (end -3.6576 -2.7432) (layer Eco2.User) (width 0.1524))
    (fp_line (start -3.6576 -2.7432) (end -1.8542 -2.7432) (layer Eco2.User) (width 0.1524))
    (fp_line (start 1.8542 1.5748) (end 1.8542 -1.5748) (layer Eco2.User) (width 0.1524))
    (fp_line (start 1.8542 -1.5748) (end 3.6576 -1.5748) (layer Eco2.User) (width 0.1524))
    (fp_line (start 3.6576 -1.5748) (end 3.6576 1.6002) (layer Eco2.User) (width 0.1524))
    (fp_line (start 3.6576 1.6002) (end 1.8542 1.5748) (layer Eco2.User) (width 0.1524))
    (fp_line (start -1.8542 -3.3528) (end 1.8542 -3.3528) (layer Eco2.User) (width 0.1524))
    (fp_line (start 1.8542 -3.3528) (end 1.8542 3.3528) (layer Eco2.User) (width 0.1524))
    (fp_line (start 1.8542 3.3528) (end -1.8542 3.3528) (layer Eco2.User) (width 0.1524))
    (fp_line (start -1.8542 3.3528) (end -1.8542 -3.3528) (layer Eco2.User) (width 0.1524))
    (fp_line (start -1.8542 -3.3528) (end 1.8542 -3.3528) (layer B.SilkS) (width 0.1524))
    (fp_line (start 1.8542 -3.3528) (end 1.8542 3.3528) (layer B.SilkS) (width 0.1524))
    (fp_line (start 1.8542 3.3528) (end -1.8542 3.3528) (layer B.SilkS) (width 0.1524))
    (fp_line (start -1.8542 3.3528) (end -1.8542 -3.3528) (layer B.SilkS) (width 0.1524))
    (pad 1 smd rect (at -3.2004 2.3114 90) (size 1.6256 0.889) (layers B.Cu B.Paste B.Mask)
      (net 1 GND))
    (pad 2 smd rect (at -3.2004 0 90) (size 1.6256 0.889) (layers B.Cu B.Paste B.Mask)
      (net 3 +3V3))
    (pad 3 smd rect (at -3.2004 -2.3114 90) (size 1.6256 0.889) (layers B.Cu B.Paste B.Mask)
      (net 2 +6V))
    (pad 4 smd rect (at 3.2004 0 90) (size 1.6256 3.175) (layers B.Cu B.Paste B.Mask)
      (net 3 +3V3))
  )

  (module BNO080:LGA-28 (layer F.Cu) (tedit 0) (tstamp 5C7D8D45)
    (at 136.222 52.574)
    (descr "<h3>LGA-28 - LGA-28 package for the BNO080 IMU</h3><p>Specifications:<ul><li>Pin count: 28</li><li>Pin pitch: 0.5mm</li><li>Area: 3.8mm X 5.2mm</li></ul></p><p><a href=”http://www.hillcrestlabs.com/download/5a05f340566d07c196001ec1”>Datasheet referenced for footprint</a></p><p>Example device(s):<ul><li><a href=”https://www.sparkfun.com/products/14618”>BNO080</a></li></ul></p>")
    (path /5C492D9E)
    (attr smd)
    (fp_text reference U2 (at -0.1872 -3.4032) (layer F.SilkS)
      (effects (font (size 0.32 0.32) (thickness 0.05)))
    )
    (fp_text value BNO080 (at -0.084 3.1968) (layer F.SilkS)
      (effects (font (size 0.32 0.32) (thickness 0.05)))
    )
    (fp_circle (center 1.706 -3.025) (end 1.78216 -3.025) (layer F.SilkS) (width 0.2032))
    (fp_line (start 1.9 2.6) (end -1.9 2.6) (layer Eco2.User) (width 0.127))
    (fp_line (start -1.9 2.6) (end -1.9 -2.6) (layer Eco2.User) (width 0.127))
    (fp_line (start -1.9 -2.6) (end 1.9 -2.6) (layer Eco2.User) (width 0.127))
    (fp_line (start 1.9 -2.6) (end 1.9 2.6) (layer Eco2.User) (width 0.127))
    (fp_line (start 1.1 -2.7) (end 2 -2.7) (layer F.SilkS) (width 0.1778))
    (fp_line (start 2 -2.5) (end 2 -2.7) (layer F.SilkS) (width 0.1778))
    (fp_line (start -1.1 2.7) (end -2 2.7) (layer F.SilkS) (width 0.1778))
    (fp_line (start -2 2.5) (end -2 2.7) (layer F.SilkS) (width 0.1778))
    (fp_line (start 1.1 2.7) (end 2 2.7) (layer F.SilkS) (width 0.1778))
    (fp_line (start 2 2.5) (end 2 2.7) (layer F.SilkS) (width 0.1778))
    (fp_line (start -1.1 -2.7) (end -2 -2.7) (layer F.SilkS) (width 0.1778))
    (fp_line (start -2 -2.5) (end -2 -2.7) (layer F.SilkS) (width 0.1778))
    (fp_circle (center 0.269 0.073) (end 0.310109 0.073) (layer Eco2.User) (width 0.0254))
    (fp_text user Y (at 0.4 -0.5) (layer Edge.Cuts)
      (effects (font (size 1 1) (thickness 0.05)))
    )
    (fp_text user Z (at 0.3 0.6) (layer Edge.Cuts)
      (effects (font (size 1 1) (thickness 0.05)))
    )
    (fp_circle (center 0.269 0.073) (end 0.369447 0.073) (layer Eco2.User) (width 0.0254))
    (fp_line (start -0.255 0.273) (end -0.255 -0.232) (layer Eco2.User) (width 0.0254))
    (fp_line (start -0.255 0.273) (end -0.2 0.2) (layer Eco2.User) (width 0.0254))
    (fp_line (start -0.255 0.273) (end -0.3 0.2) (layer Eco2.User) (width 0.0254))
    (fp_text user X (at -0.255 0.462) (layer Edge.Cuts)
      (effects (font (size 1 1) (thickness 0.05)))
    )
    (fp_arc (start -0.259662 -0.03) (end -0.4 0) (angle -154.6) (layer Eco2.User) (width 0.0254))
    (fp_line (start -0.4 0.1) (end -0.4 0) (layer Eco2.User) (width 0.0254))
    (fp_line (start -0.4 0) (end -0.3 0) (layer Eco2.User) (width 0.0254))
    (fp_arc (start 0.25 0.05) (end 0.4 -0.1) (angle 180) (layer Eco2.User) (width 0.0254))
    (fp_line (start 0.5 -0.1) (end 0.4 -0.1) (layer Eco2.User) (width 0.0254))
    (fp_line (start 0.4 -0.1) (end 0.4 0) (layer Eco2.User) (width 0.0254))
    (fp_line (start 0.173 -0.545) (end -0.332 -0.545) (layer Eco2.User) (width 0.0254))
    (fp_line (start 0.173 -0.545) (end 0.1 -0.6) (layer Eco2.User) (width 0.0254))
    (fp_line (start 0.173 -0.545) (end 0.1 -0.5) (layer Eco2.User) (width 0.0254))
    (fp_arc (start -0.13 -0.540338) (end -0.1 -0.4) (angle -154.6) (layer Eco2.User) (width 0.0254))
    (fp_line (start 0 -0.4) (end -0.1 -0.4) (layer Eco2.User) (width 0.0254))
    (fp_line (start -0.1 -0.4) (end -0.1 -0.5) (layer Eco2.User) (width 0.0254))
    (fp_poly (pts (xy -1.9 -2.375) (xy -1.2 -2.375) (xy -1.2 -2.125) (xy -1.9 -2.125)) (layer F.Paste) (width 0))
    (fp_poly (pts (xy -1.9 -1.375) (xy -1.2 -1.375) (xy -1.2 -1.125) (xy -1.9 -1.125)) (layer F.Paste) (width 0))
    (fp_poly (pts (xy -1.9 -0.375) (xy -1.2 -0.375) (xy -1.2 -0.125) (xy -1.9 -0.125)) (layer F.Paste) (width 0))
    (fp_poly (pts (xy -1.9 0.625) (xy -1.2 0.625) (xy -1.2 0.875) (xy -1.9 0.875)) (layer F.Paste) (width 0))
    (fp_poly (pts (xy -1.9 1.625) (xy -1.2 1.625) (xy -1.2 1.875) (xy -1.9 1.875)) (layer F.Paste) (width 0))
    (fp_poly (pts (xy 0.625 2.6) (xy 0.625 1.9) (xy 0.875 1.9) (xy 0.875 2.6)) (layer F.Paste) (width 0))
    (fp_poly (pts (xy -0.375 2.6) (xy -0.375 1.9) (xy -0.125 1.9) (xy -0.125 2.6)) (layer F.Paste) (width 0))
    (fp_poly (pts (xy 1.9 2.375) (xy 1.2 2.375) (xy 1.2 2.125) (xy 1.9 2.125)) (layer F.Paste) (width 0))
    (fp_poly (pts (xy 1.9 1.375) (xy 1.2 1.375) (xy 1.2 1.125) (xy 1.9 1.125)) (layer F.Paste) (width 0))
    (fp_poly (pts (xy 1.9 0.375) (xy 1.2 0.375) (xy 1.2 0.125) (xy 1.9 0.125)) (layer F.Paste) (width 0))
    (fp_poly (pts (xy 1.9 -0.625) (xy 1.2 -0.625) (xy 1.2 -0.875) (xy 1.9 -0.875)) (layer F.Paste) (width 0))
    (fp_poly (pts (xy 1.9 -1.625) (xy 1.2 -1.625) (xy 1.2 -1.875) (xy 1.9 -1.875)) (layer F.Paste) (width 0))
    (fp_poly (pts (xy 0.875 -2.6) (xy 0.875 -1.9) (xy 0.625 -1.9) (xy 0.625 -2.6)) (layer F.Paste) (width 0))
    (fp_poly (pts (xy -0.125 -2.6) (xy -0.125 -1.9) (xy -0.375 -1.9) (xy -0.375 -2.6)) (layer F.Paste) (width 0))
    (fp_poly (pts (xy 0.375 -2.6) (xy 0.375 -1.9) (xy 0.125 -1.9) (xy 0.125 -2.6)) (layer F.Paste) (width 0))
    (fp_poly (pts (xy -0.625 -2.6) (xy -0.625 -1.9) (xy -0.875 -1.9) (xy -0.875 -2.6)) (layer F.Paste) (width 0))
    (fp_poly (pts (xy -1.9 -1.875) (xy -1.2 -1.875) (xy -1.2 -1.625) (xy -1.9 -1.625)) (layer F.Paste) (width 0))
    (fp_poly (pts (xy -1.9 -0.875) (xy -1.2 -0.875) (xy -1.2 -0.625) (xy -1.9 -0.625)) (layer F.Paste) (width 0))
    (fp_poly (pts (xy -1.9 0.125) (xy -1.2 0.125) (xy -1.2 0.375) (xy -1.9 0.375)) (layer F.Paste) (width 0))
    (fp_poly (pts (xy -1.9 1.125) (xy -1.2 1.125) (xy -1.2 1.375) (xy -1.9 1.375)) (layer F.Paste) (width 0))
    (fp_poly (pts (xy -1.9 2.125) (xy -1.2 2.125) (xy -1.2 2.375) (xy -1.9 2.375)) (layer F.Paste) (width 0))
    (fp_poly (pts (xy -0.875 2.6) (xy -0.875 1.9) (xy -0.625 1.9) (xy -0.625 2.6)) (layer F.Paste) (width 0))
    (fp_poly (pts (xy 0.125 2.6) (xy 0.125 1.9) (xy 0.375 1.9) (xy 0.375 2.6)) (layer F.Paste) (width 0))
    (fp_poly (pts (xy 1.9 1.875) (xy 1.2 1.875) (xy 1.2 1.625) (xy 1.9 1.625)) (layer F.Paste) (width 0))
    (fp_poly (pts (xy 1.9 0.875) (xy 1.2 0.875) (xy 1.2 0.625) (xy 1.9 0.625)) (layer F.Paste) (width 0))
    (fp_poly (pts (xy 1.9 -0.125) (xy 1.2 -0.125) (xy 1.2 -0.375) (xy 1.9 -0.375)) (layer F.Paste) (width 0))
    (fp_poly (pts (xy 1.9 -1.125) (xy 1.2 -1.125) (xy 1.2 -1.375) (xy 1.9 -1.375)) (layer F.Paste) (width 0))
    (fp_poly (pts (xy 1.9 -2.125) (xy 1.2 -2.125) (xy 1.2 -2.375) (xy 1.9 -2.375)) (layer F.Paste) (width 0))
    (pad 1 smd rect (at 1.7 -2.25 90) (size 0.25 1) (layers F.Cu F.Paste F.Mask))
    (pad 28 smd rect (at 1.7 -1.75 90) (size 0.25 1) (layers F.Cu F.Paste F.Mask)
      (net 3 +3V3))
    (pad 27 smd rect (at 1.7 -1.25 90) (size 0.25 1) (layers F.Cu F.Paste F.Mask)
      (net 87 "Net-(U2-Pad27)"))
    (pad 26 smd rect (at 1.7 -0.75 90) (size 0.25 1) (layers F.Cu F.Paste F.Mask)
      (net 88 "Net-(U2-Pad26)"))
    (pad 25 smd rect (at 1.7 -0.25 90) (size 0.25 1) (layers F.Cu F.Paste F.Mask)
      (net 1 GND))
    (pad 24 smd rect (at 1.7 0.25 90) (size 0.25 1) (layers F.Cu F.Paste F.Mask))
    (pad 23 smd rect (at 1.7 0.75 90) (size 0.25 1) (layers F.Cu F.Paste F.Mask))
    (pad 22 smd rect (at 1.7 1.25 90) (size 0.25 1) (layers F.Cu F.Paste F.Mask))
    (pad 21 smd rect (at 1.7 1.75 90) (size 0.25 1) (layers F.Cu F.Paste F.Mask))
    (pad 20 smd rect (at 1.7 2.25 90) (size 0.25 1) (layers F.Cu F.Paste F.Mask)
      (net 29 /MISO))
    (pad 15 smd rect (at -1.7 2.25 270) (size 0.25 1) (layers F.Cu F.Paste F.Mask)
      (net 89 "Net-(U2-Pad15)"))
    (pad 14 smd rect (at -1.7 1.75 270) (size 0.25 1) (layers F.Cu F.Paste F.Mask)
      (net 60 /HOST_INTN))
    (pad 13 smd rect (at -1.7 1.25 270) (size 0.25 1) (layers F.Cu F.Paste F.Mask))
    (pad 12 smd rect (at -1.7 0.75 270) (size 0.25 1) (layers F.Cu F.Paste F.Mask))
    (pad 11 smd rect (at -1.7 0.25 270) (size 0.25 1) (layers F.Cu F.Paste F.Mask)
      (net 61 /BNO_NRST))
    (pad 10 smd rect (at -1.7 -0.25 270) (size 0.25 1) (layers F.Cu F.Paste F.Mask)
      (net 62 /BNO_CLOCKSEL0))
    (pad 9 smd rect (at -1.7 -0.75 270) (size 0.25 1) (layers F.Cu F.Paste F.Mask)
      (net 86 "Net-(C4-Pad1)"))
    (pad 8 smd rect (at -1.7 -1.25 270) (size 0.25 1) (layers F.Cu F.Paste F.Mask))
    (pad 7 smd rect (at -1.7 -1.75 270) (size 0.25 1) (layers F.Cu F.Paste F.Mask))
    (pad 6 smd rect (at -1.7 -2.25 270) (size 0.25 1) (layers F.Cu F.Paste F.Mask)
      (net 63 /BNO_WAKE))
    (pad 5 smd rect (at -0.75 -2.4 180) (size 0.25 1) (layers F.Cu F.Paste F.Mask)
      (net 3 +3V3))
    (pad 4 smd rect (at -0.25 -2.4 180) (size 0.25 1) (layers F.Cu F.Paste F.Mask)
      (net 64 /BNO_BOOTN))
    (pad 3 smd rect (at 0.25 -2.4 180) (size 0.25 1) (layers F.Cu F.Paste F.Mask)
      (net 3 +3V3))
    (pad 2 smd rect (at 0.75 -2.4 180) (size 0.25 1) (layers F.Cu F.Paste F.Mask)
      (net 1 GND))
    (pad 16 smd rect (at -0.75 2.4 180) (size 0.25 1) (layers F.Cu F.Paste F.Mask)
      (net 90 "Net-(U2-Pad16)"))
    (pad 17 smd rect (at -0.25 2.4 180) (size 0.25 1) (layers F.Cu F.Paste F.Mask)
      (net 28 /MOSI))
    (pad 18 smd rect (at 0.25 2.4 180) (size 0.25 1) (layers F.Cu F.Paste F.Mask)
      (net 26 /~SS_BNO080))
    (pad 19 smd rect (at 0.75 2.4 180) (size 0.25 1) (layers F.Cu F.Paste F.Mask)
      (net 30 /SCLK))
  )

  (module Capacitor_SMD:C_0805_2012Metric_Pad1.15x1.40mm_HandSolder (layer B.Cu) (tedit 5B36C52B) (tstamp 5C7EED1E)
    (at 154.423 120.65)
    (descr "Capacitor SMD 0805 (2012 Metric), square (rectangular) end terminal, IPC_7351 nominal with elongated pad for handsoldering. (Body size source: https://docs.google.com/spreadsheets/d/1BsfQQcO9C6DZCsRaXUlFlo91Tg2WpOkGARC1WS5S8t0/edit?usp=sharing), generated with kicad-footprint-generator")
    (tags "capacitor handsolder")
    (path /5C4ECC49)
    (attr smd)
    (fp_text reference C3 (at 0 1.65) (layer B.SilkS)
      (effects (font (size 1 1) (thickness 0.15)) (justify mirror))
    )
    (fp_text value 1uF (at 0 -1.65) (layer B.Fab)
      (effects (font (size 1 1) (thickness 0.15)) (justify mirror))
    )
    (fp_text user %R (at 0 0) (layer B.Fab)
      (effects (font (size 0.5 0.5) (thickness 0.08)) (justify mirror))
    )
    (fp_line (start 1.85 -0.95) (end -1.85 -0.95) (layer B.CrtYd) (width 0.05))
    (fp_line (start 1.85 0.95) (end 1.85 -0.95) (layer B.CrtYd) (width 0.05))
    (fp_line (start -1.85 0.95) (end 1.85 0.95) (layer B.CrtYd) (width 0.05))
    (fp_line (start -1.85 -0.95) (end -1.85 0.95) (layer B.CrtYd) (width 0.05))
    (fp_line (start -0.261252 -0.71) (end 0.261252 -0.71) (layer B.SilkS) (width 0.12))
    (fp_line (start -0.261252 0.71) (end 0.261252 0.71) (layer B.SilkS) (width 0.12))
    (fp_line (start 1 -0.6) (end -1 -0.6) (layer B.Fab) (width 0.1))
    (fp_line (start 1 0.6) (end 1 -0.6) (layer B.Fab) (width 0.1))
    (fp_line (start -1 0.6) (end 1 0.6) (layer B.Fab) (width 0.1))
    (fp_line (start -1 -0.6) (end -1 0.6) (layer B.Fab) (width 0.1))
    (pad 2 smd roundrect (at 1.025 0) (size 1.15 1.4) (layers B.Cu B.Paste B.Mask) (roundrect_rratio 0.217391)
      (net 2 +6V))
    (pad 1 smd roundrect (at -1.025 0) (size 1.15 1.4) (layers B.Cu B.Paste B.Mask) (roundrect_rratio 0.217391)
      (net 1 GND))
    (model ${KISYS3DMOD}/Capacitor_SMD.3dshapes/C_0805_2012Metric.wrl
      (at (xyz 0 0 0))
      (scale (xyz 1 1 1))
      (rotate (xyz 0 0 0))
    )
  )

  (module Capacitor_SMD:C_0805_2012Metric_Pad1.15x1.40mm_HandSolder (layer F.Cu) (tedit 5B36C52B) (tstamp 5C7D8C85)
    (at 148.835 78.994 180)
    (descr "Capacitor SMD 0805 (2012 Metric), square (rectangular) end terminal, IPC_7351 nominal with elongated pad for handsoldering. (Body size source: https://docs.google.com/spreadsheets/d/1BsfQQcO9C6DZCsRaXUlFlo91Tg2WpOkGARC1WS5S8t0/edit?usp=sharing), generated with kicad-footprint-generator")
    (tags "capacitor handsolder")
    (path /5C481E8E)
    (attr smd)
    (fp_text reference C15 (at 0 -1.65 180) (layer F.SilkS)
      (effects (font (size 1 1) (thickness 0.15)))
    )
    (fp_text value 100nF (at 0 1.65 180) (layer F.Fab)
      (effects (font (size 1 1) (thickness 0.15)))
    )
    (fp_line (start -1 0.6) (end -1 -0.6) (layer F.Fab) (width 0.1))
    (fp_line (start -1 -0.6) (end 1 -0.6) (layer F.Fab) (width 0.1))
    (fp_line (start 1 -0.6) (end 1 0.6) (layer F.Fab) (width 0.1))
    (fp_line (start 1 0.6) (end -1 0.6) (layer F.Fab) (width 0.1))
    (fp_line (start -0.261252 -0.71) (end 0.261252 -0.71) (layer F.SilkS) (width 0.12))
    (fp_line (start -0.261252 0.71) (end 0.261252 0.71) (layer F.SilkS) (width 0.12))
    (fp_line (start -1.85 0.95) (end -1.85 -0.95) (layer F.CrtYd) (width 0.05))
    (fp_line (start -1.85 -0.95) (end 1.85 -0.95) (layer F.CrtYd) (width 0.05))
    (fp_line (start 1.85 -0.95) (end 1.85 0.95) (layer F.CrtYd) (width 0.05))
    (fp_line (start 1.85 0.95) (end -1.85 0.95) (layer F.CrtYd) (width 0.05))
    (fp_text user %R (at 0 0 180) (layer F.Fab)
